1 29 0
2 29 0
3 29 0
4 29 0
5 29 0
6 29 0
7 29 0
8 29 0
9 29 0
10 29 0
11 29 0
12 29 0
13 29 0
14 29 0
15 29 0
16 29 0
17 29 0
18 29 0
19 29 0
20 29 0
21 29 0
22 29 0
23 29 0
24 29 0
25 29 0
26 29 0
27 29 0
28 29 0
29 29 0
30 29 0
31 29 0
32 29 0
33 29 0
34 29 0
35 29 0
36 29 0
37 29 0
38 29 0
39 29 0
40 29 0
41 29 0
42 29 0
43 29 0
44 29 0
45 29 0
46 29 0
47 29 0
48 29 0
49 29 0
50 29 0
51 29 1
52 29 1
53 29 1
54 29 1
55 29 1
56 29 1
57 29 1
58 29 1
59 29 1
60 29 1
61 29 1
62 29 1
63 29 1
64 29 1
65 29 1
66 29 1
67 29 1
68 29 1
69 29 1
70 29 1
71 29 1
72 29 1
73 29 1
74 29 1
75 29 1
76 29 1
77 29 1
78 29 1
79 29 1
80 29 1
81 29 1
82 29 1
83 29 1
84 29 1
85 29 1
86 29 1
87 29 1
88 29 1
89 29 1
90 29 1
91 29 1
92 29 1
93 29 1
94 29 1
95 29 1
96 29 1
97 29 1
98 29 1
99 29 1
100 29 1
101 29 2
102 29 2
103 29 2
104 29 2
105 29 2
106 29 2
107 29 2
108 29 2
109 29 2
110 29 2
111 29 2
112 29 2
113 29 2
114 29 2
115 29 2
116 29 2
117 29 2
118 29 2
119 29 2
120 29 2
121 29 2
122 29 2
123 29 2
124 29 2
125 29 2
126 29 2
127 29 2
128 29 2
129 29 2
130 29 2
131 29 2
132 29 2
133 29 2
134 29 2
135 29 2
136 29 2
137 29 2
138 29 2
139 29 2
140 29 2
141 29 2
142 29 2
143 29 2
144 29 2
145 29 2
146 29 2
147 29 2
148 29 2
149 29 2
150 29 2
151 29 3
152 29 3
153 29 3
154 29 3
155 29 3
156 29 3
157 29 3
158 29 3
159 29 3
160 29 3
161 29 3
162 29 3
163 29 3
164 29 3
165 29 3
166 29 3
167 29 3
168 29 3
169 29 3
170 29 3
171 29 3
172 29 3
173 29 3
174 29 3
175 29 3
176 29 3
177 29 3
178 29 3
179 29 3
180 29 3
181 29 3
182 29 3
183 29 3
184 29 3
185 29 3
186 29 3
187 29 3
188 29 3
189 29 3
190 29 3
191 29 3
192 29 3
193 29 3
194 29 3
195 29 3
196 29 3
197 29 3
198 29 3
199 29 3
200 29 3